name: scheduler
channels:
  - pytorch
  - conda-forge
dependencies:
  - asttokens=3.0.0=pyhd8ed1ab_1
  - attrs=25.1.0=pyh71513ae_0
  - brotli-python=1.1.0=py310h9e98ed7_2
  - bzip2=1.0.8=h2466b09_7
  - ca-certificates=2025.1.31=h56e8100_0
  - certifi=2025.1.31=pyhd8ed1ab_0
  - cffi=1.17.1=py310ha8f682b_0
  - charset-normalizer=3.4.1=pyhd8ed1ab_0
  - colorama=0.4.6=pyhd8ed1ab_1
  - comm=0.2.2=pyhd8ed1ab_1
  - cpython=3.10.16=py310hd8ed1ab_1
  - debugpy=1.8.13=py310h9e98ed7_0
  - decorator=5.2.1=pyhd8ed1ab_0
  - exceptiongroup=1.2.2=pyhd8ed1ab_1
  - executing=2.1.0=pyhd8ed1ab_1
  - h11=0.14.0=pyhd8ed1ab_1
  - h2=4.2.0=pyhd8ed1ab_0
  - hpack=4.1.0=pyhd8ed1ab_0
  - hyperframe=6.1.0=pyhd8ed1ab_0
  - idna=3.10=pyhd8ed1ab_1
  - importlib-metadata=8.6.1=pyha770c72_0
  - ipykernel=6.29.5=pyh4bbf305_0
  - ipython=8.34.0=pyh9ab4c32_0
  - jedi=0.19.2=pyhd8ed1ab_1
  - jupyter_client=8.6.3=pyhd8ed1ab_1
  - jupyter_core=5.7.2=pyh5737063_1
  - krb5=1.21.3=hdf4eb48_0
  - libffi=3.4.6=h537db12_0
  - liblzma=5.6.4=h2466b09_0
  - libsodium=1.0.20=hc70643c_0
  - libsqlite=3.49.1=h67fdade_1
  - libzlib=1.3.1=h2466b09_2
  - matplotlib-inline=0.1.7=pyhd8ed1ab_1
  - nest-asyncio=1.6.0=pyhd8ed1ab_1
  - openssl=3.4.1=ha4e3fda_0
  - outcome=1.3.0.post0=pyhd8ed1ab_1
  - packaging=24.2=pyhd8ed1ab_2
  - parso=0.8.4=pyhd8ed1ab_1
  - pickleshare=0.7.5=pyhd8ed1ab_1004
  - pip=25.0.1=pyh8b19718_0
  - platformdirs=4.3.6=pyhd8ed1ab_1
  - prompt-toolkit=3.0.50=pyha770c72_0
  - psutil=7.0.0=py310ha8f682b_0
  - pure_eval=0.2.3=pyhd8ed1ab_1
  - pycparser=2.22=pyh29332c3_1
  - pygments=2.19.1=pyhd8ed1ab_0
  - pysocks=1.7.1=pyh09c184e_7
  - python=3.10.16=h37870fc_1_cpython
  - python-dateutil=2.9.0.post0=pyhff2d567_1
  - python-dotenv=1.0.1=pyhd8ed1ab_1
  - python_abi=3.10=5_cp310
  - pywin32=307=py310h9e98ed7_3
  - pyzmq=26.2.1=py310h656833d_0
  - requests=2.32.3=pyhd8ed1ab_1
  - selenium=4.29.0=pyh29332c3_0
  - selenium-manager=4.29.0=ha073cba_0
  - setuptools=75.8.2=pyhff2d567_0
  - six=1.17.0=pyhd8ed1ab_0
  - sniffio=1.3.1=pyhd8ed1ab_1
  - sortedcontainers=2.4.0=pyhd8ed1ab_1
  - stack_data=0.6.3=pyhd8ed1ab_1
  - tk=8.6.13=h5226925_1
  - tornado=6.4.2=py310ha8f682b_0
  - tqdm=4.67.1=pyhd8ed1ab_1
  - traitlets=5.14.3=pyhd8ed1ab_1
  - trio=0.29.0=py310h5588dad_0
  - trio-websocket=0.12.2=pyh29332c3_0
  - typing_extensions=4.12.2=pyha770c72_1
  - tzdata=2025a=h78e105d_0
  - ucrt=10.0.22621.0=h57928b3_1
  - urllib3=2.3.0=pyhd8ed1ab_0
  - vc=14.3=hbf610ac_24
  - vc14_runtime=14.42.34438=hfd919c2_24
  - wcwidth=0.2.13=pyhd8ed1ab_1
  - webdriver-manager=4.0.2=pyhd8ed1ab_1
  - websocket-client=1.8.0=pyhd8ed1ab_1
  - wheel=0.45.1=pyhd8ed1ab_1
  - win_inet_pton=1.1.0=pyh7428d3b_8
  - wsproto=1.2.0=pyhd8ed1ab_1
  - zeromq=4.3.5=ha9f60a1_7
  - zipp=3.21.0=pyhd8ed1ab_1
  - zstandard=0.23.0=py310he5e10e1_1
  - zstd=1.5.6=h0ea2cb4_0
  - pip:
      - pushover==0.5
prefix: C:\Users\halst\miniforge3\envs\scheduler
